225965849
1624117816
1243930083
560064930
137025092
871159545
873104191
1200955214
1422036512
834498830
231161229
717483841
359523702
1245711369
1603214578
1047781052
79314179
1729442073
1025790520
808318931
245951809
1963585347
389759645
1571349456
719156520
983868041
185452996
190791451
1529784887
947925572
125387012
938430665
734254738
1589677763
1903485780
338892638
861299039
1592251474
1189219006
542008708
562574723
196270182
268886453
1386824705
933207213
389690986
554606025
1874112276
1044879693
737166640
221856688
1446975582
892441519
1761263986
717977728
1751643111
881667690
1814331878
703399623
1620864971
2089675926
986815299
1973890382
1760852139
1574013093
952962041
1329406185
243350538
1418595211
658491875
550024088
469085526
1172751644
852081827
583129262
1781483784
1175002942
1955876862
913498243
734891431
1081331124
1333679776
1516116829
780566584
177248639
435077547
2072452427
993713293
490564753
1414570260
809242365
413699206
1633667488
1086670646
157079013
1349063002
1769444752
662416147
1014480668
506618131
307365404
1948529959
1080588079
1186846898
995207435
1333260432
1860676658
144768153
89230588
905701827
1964858697
860396149
75593252
1993030884
1742442180
443362110
1399668388
150876666
1244018577
336940423
840193413
49978199
185494502
443469127
78619853
771680620
1870961228
248318887
1406440899
175447538
211954681
190712371
101328393
427263702
1657952579
1057998098
728700988
1839807470
1324112493
753022332
1067984495
308979102
1499494226
622725445
1436705873
1407150652
1928802446
1387343434
408642945
1325254730
2135988934
1944343892
185780492
489714349
638989305
1203881660
199400576
1836909416
1377370055
1976597077
2136603507
1335919075
1395323713
612347068
311525811
1807481016
1504546516
918416800
1349243169
1828102981
1107690347
178884059
286163533
641257843
764404901
164713901
204243678
1146198693
794457651
1392473241
1359816906
450551659
708820187
887437167
661212983
1044711490
1550130937
1310955910
1199402500
398714651
1920309012
1604524711
1568143038
1220189241
1265470
615586579
1093779093
1134509751
1661521132
2093709660
1043085276
483684887
1183482021
1095346120
2116419566
232251324
1102117678
1470717962
477128561
370142973
267898065
1542178093
390726102
1691181429
434184669
412490623
884302645
1876735230
2097939213
630977158
1190628926
1965857285
1475867016
2089676847
914346150
1478660520
362065234
2134864837
687658784
361086648
1861065664
1655843437
1054246588
197203930
975187357
1551433998
41098966
74348721
716743620
1753705418
530419167
528841059
1242137585
2066279738
86333623
1433991856
791903081
159350860
539199332
2079985260
1122130164
1529267967
489053105
1921379991
485744862
694705577
825964529
2141765470
524438927
665755370
211541257
1399656630
1565077244
1709110342
915007404
1948336031
568957924
519055451
908233002
487158721
104897924
1693012783
849594390
1023902481
836161197
797421828
59673180
1464668657
1776106056
1024202126
720542060
1335720284
1025550888
1232658005
288298264
793658302
1034593399
320800755
88944624
756102402
671261555
1526671955
1354143996
1669685651
2018887523
1586852977
2015479087
1376635547
917150384
1091294084
605436448
512726009
535777440
223577829
1220205645
418064996
438317584
681890495
946900527
474965478
1723028474
1783946747
850969218
150051712
1441962283
388441632
322496359
1123472192
873498353
1420851583
2126688537
1455364762
1645336419
516253093
1654409870
1761500865
1080774034
1871594261
1255774336
1371361467
1486297490
1693302037
347657907
1256762750
1326625831
1995161381
1385242760
682936695
1109623662
152747057
1689990841
98466444
1542196657
393291230
1920741353
1436650081
343980976
1616684952
1215764465
1468092362
978287767
768208651
819308450
148083350
2136014883
439594140
671848388
1634754972
807819973
1386084830
723921110
1384457187
713087725
918650
1982283731
1261636380
727188640
272375873
37667514
719962677
2126897716
1419413376
1466795865
614462634
1297737663
1912100087
210181072
877189919
565536647
419967377
1368315593
754678357
2108590048
204690536
1557074883
1521431725
909297570
1375712936
239742411
748642340
1609559614
1568789690
169805256
742376281
173748783
546542085
11255211
1117969996
1455124606
999174270
227238678
1302035727
1364335292
1962475489
667090500
2123987445
996323834
680043049
315460090
1110500472
485544395
580582567
1566209761
574798340
1140221335
1857605146
235201792
1523299563
1425038499
274316919
763757540
1475709476
1297984863
688296755
418847790
2057710597
1793265318
1071900339
1336679111
633876474
842260068
2057834914
318789088
590393950
689438370
1442728685
1458578887
1844596581
1939892743
708214658
1810141618
147048914
977359323
1482297105
954878495
2129248984
1148280651
1454850227
882543747
394064781
442985394
1103771182
1776670592
1799261222
1350300022
1577467986
881086742
592614322
870795648
800558621
1678051238
425736619
274689643
1305647504
2129931697
56473776
822112492
1116908237
589809580
1628348977
1858819351
1018074570
1111649941
459900362
1945231879
203514765
1675664121
591244432
1892478102
43513522
1968601374
1589331185
1934382218
1746803578
1109203366
1123060255
1618341289
1659993169
2034510093
893786610
1421666164
395612879
137985475
133593651
1027900841
1918546565
1202470755
1891530040
402362351
942602003
1951613299
940085154
752691489
1101355523
355996515
1659322187
180150346
1368255783
304167485
1799069018
119523308
241290500
803696936
1785115591
944569270
1454436429
1187020127
866622878
718085710
154544504
46951756
2069294024
1131424780
438478810
837128318
1786242253
1622077204
1188791749
1306923359
1864448353
373894041
1787016139
1473557447
726871134
1814783849
1893423161
747861401
455286029
1574699337
1754665350
67519824
1504799095
1777823763
396112982
583423849
854148139
228203552
868908598
2043399156
593658318
1744051438
1754136188
1806054149
1959021780
1636032594
1483972082
1762186099
655164053
855400230
222162910
1031171231
557827519
196700638
351348409
1674179298
1758953544
827383186
1001731709
861575498
1613397262
1887404405
1577325031
523815380
399587999
268971533
486047197
629410985
545740615
686647251
575701123
289201463
101396789
259686797
19324614
27350743
700081228
1176042096
1728882832
964108728
1597225764
1782730316
1763616091
1608744653
1928993908
772354106
796869028
2098666254
348582613
1597322971
690318944
580022211
1846180970
1162372661
1181069399
1862385801
592708564
649309348
833323950
30464533
401755303
475132863
1455985855
161916481
1405577125
699220751
2033244187
1989490992
1220637670
901118962
109656633
1811319294
1234034373
279314862
1402501127
1901580735
1282106753
1154776568
911013249
1150593119
1387962009
253259339
1486072631
1414653735
1018101430
872248869
577207367
1512005
633969166
875391889
1776441633
656183417
1181122263
246448845
1366008616
1091945910
1785840197
229589988
1140408526
812785153
1682445408
1277781136
953856169
571257912
2133545419
671028858
595024396
1903122111
956187162
528089384
711617500
1812074600
157596618
1801796083
1935552177
732603820
925066070
1184175712
213198595
271134718
1272440240
1986424567
561138124
59180365
1234003752
623457559
18384833
248139480
1887840001
1007908998
1848006113
1169607190
573401095
774933381
397217561
1259261271
1968321411
154729999
92960087
1390053344
1543240443
78686532
796793258
181256316
944222266
1109019772
577814044
1443807991
1506035710
1846293333
1428713393
1074211793
1224275590
965693375
2104264657
1548126517
1585308300
323009612
995954040
1661918204
94218719
2138957783
1948839505
11137503
1249419603
105917678
1580856502
138176980
1338774610
176428225
1840676873
1627008006
1056720049
1056743118
1369438114
734176669
1058839381
1180064605
1312664566
1177587638
203008697
686971313
1263829323
266836840
1103291481
477707246
731153507
1423695020
666790559
490401752
1599720762
1694055252
1022402359
1846069104
4610749
14932689
591129247
695162930
1471190835
1198452788
1863928928
807584439
1888480076
283475366
1189333755
837211982
138003321
1876678755
262764325
760575582
1550047736
816146865
642500105
857704996
2081205062
10477393
810469844
2146087574
1039719049
312395140
996945843
378617196
2097306097
978082837
1437925601
743031055
45637642
1447488910
1965445278
1612509130
803079347
1606592069
1731719443
1470252756
281350908
42459912
562237425
553692600
351063433
2104651257
1068483747
456432416
1867295652
1423780736
1610165811
893942948
999685423
681055742
857260147
274586469
168028719
1713694090
195992887
1573180554
89964684
102927951
249635867
1701942071
822979066
2100356077
181391226
735239244
1530164212
2134462221
1676237637
2131043942
163107392
663088555
5401589
430561831
1965096670
180036310
805651945
1742867221
1055761318
1044098707
1654586176
386493028
629307154
1132834144
253300352
1836821599
1964684341
1146611485
324637208
51499356
1876389347
964244710
247103457
875693630
2006074499
481137795
299206376
704820349
483762967
420389272
2098993786
1834291389
1127160047
60285251
654609185
565558800
25689475
146439574
798092448
1980736590
829732844
2050547081
923034999
1574029731
1046854448
769516254
2022305573
207285160
963147193
1890065666
781021114
1764634569
1156513780
1426835242
1662839283
597366988
377312742
1643815956
544428074
117383901
1474728262
1873267820
2094512896
913411397
1313433370
1929075778
1809658035
2107532445
70637279
982893647
1989615124
1649402369
402325172
1465159381
1425929069
1994253365
983663042
1370768975
840877644
1609869069
1202266390
1614782896
1229002715
1232361159
398091685
1248321549
81400942
1580937444
152322430
537380325
1360479981
651416346
763248480
2113937516
1232551504
813673156
608442140
934774671
2015953448
1357893282
1095206868
1070955574
863467867
1549892737
680689331
658967948
711316011
988073876
1391994
422510267
1510926079
186818316
1537422164
1192850196
2090449142
870499140
209711560
970672368
1569560516
1428376159
526253260
314649622
1887381407
1809711450
597844074
1412627281
2050079665
1362824306
2000556103
1293409096
1726504364
85845101
865906131
1388382299
2115834418
1915585485
745507383
123011753
86942417
2026078767
1953455035
573597980
1255195489
861690387
998554341
1634991536
889165119
1819269893
1612060438
166969318
1332804189
1416768134
742657928
1596473604
246495025
914346734
843429405
1637295634
152069901
704344497
1528520010
799988055
1984323571
1840868786
181762720
882156796
810411337
1104594491
1555004391
571055031
381061865
1152719258
1574311702
1407253336
1228845174
1239994039
1341567358
90372943
97548362
5052999
1871525330
203921343
410578434
836842456
933712944
